Entry,Position,AminoAcid,Exposed/Buried,RelativeSurfaceAccessilibity,HelixProbability,SheetProbability,CoilProbability,EpitopeProbability
Sequence,1,F,E,0.46,0.005,0.015,0.979,0.282888888889
Sequence,2,T,E,0.554,0.004,0.420,0.576,0.336666666667
Sequence,3,C,B,0.194,0.004,0.616,0.381,0.385555555556
Sequence,4,S,E,0.573,0.004,0.514,0.481,0.430444444444
Sequence,5,R,E,0.565,0.004,0.514,0.481,0.485888888889
Sequence,6,K,E,0.608,0.004,0.616,0.381,0.485777777778
Sequence,7,M,B,0.163,0.004,0.616,0.381,0.483444444444
Sequence,8,T,E,0.446,0.003,0.718,0.279,0.486666666667
Sequence,9,G,B,0.128,0.001,0.900,0.099,0.493222222222
Sequence,10,K,B,0.257,0.001,0.959,0.040,0.488111111111
Sequence,11,S,B,0.167,0.001,0.959,0.040,0.499
Sequence,12,I,B,0.143,0.001,0.900,0.099,0.511222222222
Sequence,13,Q,E,0.296,0.004,0.514,0.481,0.51
Sequence,14,P,E,0.351,0.004,0.197,0.799,0.516111111111
Sequence,15,E,E,0.722,0.004,0.138,0.858,0.502666666667
Sequence,16,N,E,0.499,0.004,0.138,0.858,0.492333333333
Sequence,17,L,B,0.091,0.004,0.514,0.481,0.470666666667
Sequence,18,E,E,0.425,0.001,0.900,0.099,0.446888888889
Sequence,19,Y,B,0.115,0.001,0.959,0.040,0.411666666667
Sequence,20,R,E,0.274,0.001,0.959,0.040,0.387111111111
Sequence,21,I,B,0.057,0.000,0.983,0.017,0.349111111111
Sequence,22,M,B,0.147,0.001,0.959,0.040,0.356444444444
Sequence,23,L,B,0.026,0.001,0.959,0.040,0.347111111111
Sequence,24,S,B,0.131,0.001,0.959,0.040,0.369444444444
Sequence,25,V,B,0.043,0.002,0.816,0.182,0.405333333333
Sequence,26,H,B,0.119,0.021,0.451,0.528,0.447666666667
Sequence,27,G,E,0.269,0.019,0.141,0.840,0.488222222222
Sequence,28,S,E,0.34,0.019,0.141,0.840,0.541333333333
Sequence,29,Q,E,0.387,0.066,0.296,0.638,0.578777777778
Sequence,30,H,E,0.389,0.064,0.216,0.721,0.627444444444
Sequence,31,S,E,0.506,0.125,0.227,0.648,0.643333333333
Sequence,32,G,E,0.485,0.118,0.150,0.732,0.654666666667
Sequence,33,M,E,0.465,0.056,0.142,0.802,0.660333333333
Sequence,34,I,E,0.377,0.056,0.142,0.802,0.648333333333
Sequence,35,V,E,0.564,0.018,0.088,0.893,0.633111111111
Sequence,36,N,E,0.47,0.018,0.047,0.935,0.609777777778
Sequence,37,D,E,0.575,0.018,0.047,0.935,0.589
Sequence,38,E,E,0.566,0.019,0.141,0.840,0.558777777778
Sequence,39,N,B,0.229,0.004,0.420,0.576,0.513444444444
Sequence,40,R,B,0.19,0.002,0.816,0.182,0.483777777778
Sequence,41,A,B,0.195,0.001,0.959,0.040,0.438777777778
Sequence,42,K,E,0.382,0.001,0.959,0.040,0.418
Sequence,43,V,B,0.052,0.000,0.983,0.017,0.399888888889
Sequence,44,E,E,0.331,0.000,0.983,0.017,0.403666666667
Sequence,45,V,B,0.065,0.001,0.959,0.040,0.408
Sequence,46,T,E,0.262,0.002,0.816,0.182,0.425111111111
Sequence,47,P,B,0.171,0.004,0.420,0.576,0.442222222222
Sequence,48,N,E,0.585,0.004,0.085,0.910,0.471555555556
Sequence,49,S,E,0.358,0.005,0.045,0.951,0.485777777778
Sequence,50,P,E,0.564,0.004,0.085,0.910,0.510444444444
Sequence,51,R,E,0.538,0.004,0.514,0.481,0.507444444444
Sequence,52,A,E,0.315,0.001,0.900,0.099,0.497333333333
Sequence,53,E,E,0.518,0.001,0.959,0.040,0.494111111111
Sequence,54,A,B,0.104,0.001,0.959,0.040,0.492888888889
Sequence,55,T,E,0.608,0.001,0.900,0.099,0.478444444444
Sequence,56,L,B,0.123,0.003,0.718,0.279,0.473666666667
Sequence,57,G,E,0.439,0.004,0.085,0.910,0.479
Sequence,58,G,E,0.623,0.005,0.045,0.951,0.474888888889
Sequence,59,F,E,0.295,0.005,0.336,0.660,0.482888888889
Sequence,60,G,B,0.23,0.004,0.514,0.481,0.481222222222
Sequence,61,S,E,0.501,0.002,0.816,0.182,0.483555555556
Sequence,62,L,B,0.117,0.001,0.900,0.099,0.469111111111
Sequence,63,G,B,0.276,0.001,0.900,0.099,0.452888888889
Sequence,64,L,B,0.118,0.001,0.900,0.099,0.451222222222
Sequence,65,D,E,0.382,0.001,0.900,0.099,0.450777777778
Sequence,66,C,B,0.046,0.001,0.900,0.099,0.453111111111
Sequence,67,E,E,0.388,0.011,0.918,0.071,0.467
Sequence,68,P,B,0.228,0.018,0.846,0.136,0.478888888889
Sequence,69,R,E,0.373,0.021,0.756,0.223,0.496222222222
Sequence,70,T,B,0.264,0.022,0.552,0.426,0.505333333333
Sequence,71,G,B,0.329,0.021,0.279,0.699,0.515666666667
Sequence,72,L,B,0.159,0.021,0.279,0.699,0.523888888889
Sequence,73,D,E,0.348,0.021,0.279,0.699,0.511
Sequence,74,F,B,0.183,0.064,0.216,0.721,0.501
Sequence,75,S,E,0.37,0.056,0.142,0.802,0.467
Sequence,76,D,B,0.279,0.066,0.296,0.638,0.429333333333
Sequence,77,L,B,0.1,0.018,0.846,0.136,0.402888888889
Sequence,78,Y,B,0.102,0.011,0.918,0.071,0.376222222222
Sequence,79,Y,B,0.06,0.006,0.962,0.032,0.382222222222
Sequence,80,L,B,0.041,0.006,0.962,0.032,0.383888888889
Sequence,81,T,B,0.157,0.006,0.962,0.032,0.395555555556
Sequence,82,M,B,0.076,0.018,0.846,0.136,0.402111111111
Sequence,83,N,E,0.503,0.019,0.141,0.840,0.399666666667
Sequence,84,N,E,0.605,0.018,0.019,0.964,0.421777777778
Sequence,85,K,E,0.513,0.064,0.216,0.721,0.433555555556
Sequence,86,H,B,0.154,0.022,0.552,0.426,0.450666666667
Sequence,87,W,B,0.09,0.021,0.756,0.223,0.477222222222
Sequence,88,L,B,0.111,0.021,0.756,0.223,0.476111111111
Sequence,89,V,B,0.055,0.087,0.683,0.230,0.482222222222
Sequence,90,H,B,0.136,0.069,0.386,0.545,0.469333333333
Sequence,91,K,E,0.246,0.199,0.152,0.649,0.488
Sequence,92,E,E,0.36,0.307,0.165,0.527,0.504
Sequence,93,W,B,0.101,0.307,0.165,0.527,0.502333333333
Sequence,94,F,B,0.117,0.307,0.165,0.527,0.531777777778
Sequence,95,H,E,0.346,0.191,0.086,0.723,0.527666666667
Sequence,96,D,E,0.319,0.113,0.087,0.800,0.524444444444
Sequence,97,I,B,0.08,0.052,0.084,0.864,0.529666666667
Sequence,98,P,E,0.415,0.018,0.088,0.893,0.535444444444
Sequence,99,L,B,0.097,0.018,0.088,0.893,0.542444444444
Sequence,100,P,B,0.175,0.018,0.088,0.893,0.543111111111
Sequence,101,W,B,0.15,0.019,0.141,0.840,0.547555555556
Sequence,102,H,E,0.384,0.018,0.088,0.893,0.566222222222
Sequence,103,A,B,0.254,0.018,0.047,0.935,0.579555555556
Sequence,104,G,E,0.46,0.018,0.019,0.964,0.598444444444
Sequence,105,A,E,0.589,0.018,0.019,0.964,0.604111111111
Sequence,106,D,E,0.504,0.018,0.047,0.935,0.613
Sequence,107,T,E,0.465,0.018,0.047,0.935,0.614222222222
Sequence,108,G,E,0.496,0.053,0.043,0.903,0.615555555556
Sequence,109,T,E,0.469,0.113,0.087,0.800,0.618666666667
Sequence,110,P,E,0.522,0.113,0.087,0.800,0.621
Sequence,111,H,E,0.455,0.118,0.150,0.732,0.621333333333
Sequence,112,W,B,0.088,0.125,0.227,0.648,0.599555555556
Sequence,113,N,E,0.41,0.125,0.227,0.648,0.584444444444
Sequence,114,N,E,0.473,0.056,0.142,0.802,0.567444444444
Sequence,115,K,E,0.353,0.020,0.205,0.775,0.544111111111
Sequence,116,E,E,0.4,0.022,0.359,0.619,0.525222222222
Sequence,117,A,E,0.279,0.022,0.552,0.426,0.505
Sequence,118,L,B,0.101,0.021,0.756,0.223,0.498
Sequence,119,V,B,0.077,0.021,0.756,0.223,0.494555555556
Sequence,120,E,E,0.344,0.023,0.655,0.322,0.481333333333
Sequence,121,F,B,0.116,0.022,0.552,0.426,0.480777777778
Sequence,122,K,E,0.523,0.021,0.279,0.699,0.481111111111
Sequence,123,D,E,0.549,0.018,0.047,0.935,0.499444444444
Sequence,124,A,E,0.282,0.053,0.043,0.903,0.510333333333
Sequence,125,H,B,0.271,0.056,0.142,0.802,0.513111111111
Sequence,126,A,B,0.096,0.069,0.386,0.545,0.513444444444
Sequence,127,K,E,0.297,0.023,0.655,0.322,0.475
Sequence,128,R,E,0.426,0.021,0.756,0.223,0.444
Sequence,129,Q,B,0.164,0.018,0.846,0.136,0.421
Sequence,130,T,E,0.321,0.072,0.855,0.073,0.404777777778
Sequence,131,V,B,0.054,0.072,0.855,0.073,0.396888888889
Sequence,132,V,B,0.164,0.072,0.855,0.073,0.382222222222
Sequence,133,V,B,0.111,0.172,0.690,0.138,0.382777777778
Sequence,134,L,B,0.102,0.159,0.516,0.325,0.390333333333
Sequence,135,G,B,0.158,0.064,0.216,0.721,0.404555555556
Sequence,136,S,B,0.273,0.191,0.086,0.723,0.426888888889
Sequence,137,Q,B,0.173,0.561,0.047,0.393,0.419222222222
Sequence,138,E,E,0.308,0.717,0.014,0.269,0.437777777778
Sequence,139,G,B,0.156,0.879,0.010,0.111,0.447333333333
Sequence,140,A,B,0.102,0.938,0.007,0.055,0.443666666667
Sequence,141,V,B,0.047,0.938,0.007,0.055,0.423111111111
Sequence,142,H,B,0.223,0.938,0.007,0.055,0.417888888889
Sequence,143,T,E,0.33,0.879,0.010,0.111,0.413111111111
Sequence,144,A,B,0.102,0.879,0.010,0.111,0.414333333333
Sequence,145,L,B,0.094,0.751,0.050,0.199,0.422555555556
Sequence,146,A,B,0.245,0.561,0.047,0.393,0.450777777778
Sequence,147,G,E,0.428,0.191,0.086,0.723,0.447444444444
Sequence,148,A,B,0.119,0.056,0.142,0.802,0.449777777778
Sequence,149,L,E,0.344,0.021,0.451,0.528,0.459222222222
Sequence,150,E,E,0.42,0.018,0.846,0.136,0.486222222222
Sequence,151,A,B,0.125,0.011,0.918,0.071,0.487333333333
Sequence,152,E,E,0.483,0.011,0.918,0.071,0.488777777778
Sequence,153,M,E,0.346,0.018,0.846,0.136,0.483444444444
Sequence,154,D,E,0.496,0.004,0.514,0.481,0.486
Sequence,155,G,E,0.703,0.004,0.085,0.910,0.486222222222
Sequence,156,A,E,0.54,0.004,0.138,0.858,0.472777777778
Sequence,157,K,E,0.499,0.004,0.616,0.381,0.479555555556
Sequence,158,G,B,0.198,0.002,0.816,0.182,0.483222222222
Sequence,159,R,E,0.411,0.001,0.900,0.099,0.478444444444
Sequence,160,L,B,0.084,0.002,0.816,0.182,0.476555555556
Sequence,161,S,E,0.446,0.004,0.616,0.381,0.457222222222
Sequence,162,S,B,0.289,0.004,0.197,0.799,0.454444444444
Sequence,163,G,E,0.284,0.005,0.336,0.660,0.426777777778
Sequence,164,H,B,0.29,0.002,0.816,0.182,0.411666666667
Sequence,165,L,B,0.091,0.001,0.900,0.099,0.404333333333
Sequence,166,K,E,0.358,0.001,0.900,0.099,0.395
Sequence,167,C,B,0.038,0.001,0.900,0.099,0.39
Sequence,168,R,E,0.319,0.001,0.900,0.099,0.387333333333
Sequence,169,L,B,0.065,0.001,0.900,0.099,0.394333333333
Sequence,170,K,E,0.316,0.001,0.900,0.099,0.409888888889
Sequence,171,M,B,0.148,0.002,0.816,0.182,0.418555555556
Sequence,172,D,E,0.53,0.005,0.336,0.660,0.432222222222
Sequence,173,K,E,0.567,0.005,0.262,0.733,0.436333333333
Sequence,174,L,B,0.122,0.002,0.816,0.182,0.458
Sequence,175,R,E,0.436,0.001,0.900,0.099,0.461111111111
Sequence,176,L,B,0.114,0.001,0.900,0.099,0.464111111111
Sequence,177,E,E,0.366,0.002,0.816,0.182,0.467666666667
Sequence,178,G,B,0.262,0.002,0.816,0.182,0.457
Sequence,179,V,B,0.231,0.002,0.816,0.182,0.452444444444
Sequence,180,S,B,0.231,0.002,0.816,0.182,0.431888888889
Sequence,181,Y,B,0.188,0.018,0.846,0.136,0.448777777778
Sequence,182,S,B,0.303,0.023,0.655,0.322,0.457333333333
Sequence,183,L,B,0.248,0.023,0.655,0.322,0.467
Sequence,184,C,B,0.087,0.004,0.514,0.481,0.476666666667
Sequence,185,T,E,0.524,0.004,0.197,0.799,0.479333333333
Sequence,186,A,E,0.585,0.004,0.138,0.858,0.467666666667
Sequence,187,A,E,0.538,0.005,0.262,0.733,0.468
Sequence,188,F,B,0.131,0.003,0.718,0.279,0.491777777778
Sequence,189,T,E,0.405,0.001,0.900,0.099,0.517333333333
Sequence,190,F,B,0.15,0.001,0.900,0.099,0.516777777778
Sequence,191,T,E,0.443,0.018,0.846,0.136,0.523777777778
Sequence,192,K,E,0.321,0.022,0.552,0.426,0.545
Sequence,193,V,E,0.502,0.005,0.262,0.733,0.559555555556
Sequence,194,P,B,0.211,0.020,0.205,0.775,0.572888888889
Sequence,195,A,E,0.321,0.020,0.205,0.775,0.589111111111
Sequence,196,E,E,0.521,0.019,0.141,0.840,0.580555555556
Sequence,197,T,E,0.323,0.018,0.047,0.935,0.547
Sequence,198,L,E,0.41,0.018,0.047,0.935,0.509777777778
Sequence,199,H,B,0.276,0.005,0.045,0.951,0.486555555556
Sequence,200,G,E,0.317,0.005,0.262,0.733,0.447444444444
Sequence,201,T,B,0.129,0.002,0.816,0.182,0.410222222222
Sequence,202,V,B,0.042,0.001,0.959,0.040,0.358666666667
Sequence,203,T,B,0.08,0.001,0.959,0.040,0.336444444444
Sequence,204,V,B,0.077,0.001,0.959,0.040,0.314333333333
Sequence,205,E,B,0.194,0.001,0.959,0.040,0.334222222222
Sequence,206,V,B,0.067,0.001,0.959,0.040,0.360666666667
Sequence,207,Q,E,0.402,0.001,0.959,0.040,0.403777777778
Sequence,208,Y,B,0.14,0.001,0.959,0.040,0.441111111111
Sequence,209,A,E,0.501,0.004,0.616,0.381,0.471333333333
Sequence,210,G,E,0.538,0.004,0.197,0.799,0.477555555556
Sequence,211,T,E,0.737,0.005,0.045,0.951,0.487111111111
Sequence,212,D,E,0.724,0.005,0.015,0.979,0.495
Sequence,213,G,E,0.3,0.005,0.045,0.951,0.488111111111
Sequence,214,P,E,0.287,0.004,0.138,0.858,0.470333333333
Sequence,215,C,B,0.04,0.004,0.616,0.381,0.432888888889
Sequence,216,K,E,0.3,0.002,0.816,0.182,0.402222222222
Sequence,217,V,B,0.061,0.001,0.900,0.099,0.350888888889
Sequence,218,P,B,0.108,0.001,0.900,0.099,0.340666666667
Sequence,219,A,B,0.035,0.001,0.959,0.040,0.341777777778
Sequence,220,Q,B,0.237,0.001,0.959,0.040,0.366444444444
Sequence,221,M,B,0.042,0.001,0.959,0.040,0.378555555556
Sequence,222,A,B,0.146,0.001,0.959,0.040,0.430777777778
Sequence,223,V,E,0.332,0.003,0.718,0.279,0.453222222222
Sequence,224,D,E,0.535,0.022,0.359,0.619,0.480222222222
Sequence,225,M,E,0.381,0.018,0.088,0.893,0.493111111111
Sequence,226,Q,E,0.583,0.004,0.138,0.858,0.521444444444
Sequence,227,T,E,0.663,0.018,0.088,0.893,0.529111111111
Sequence,228,L,E,0.472,0.018,0.088,0.893,0.503222222222
Sequence,229,T,E,0.438,0.005,0.262,0.733,0.482
Sequence,230,P,B,0.207,0.004,0.420,0.576,0.434555555556
Sequence,231,V,B,0.166,0.004,0.616,0.381,0.389555555556
Sequence,232,G,B,0.044,0.003,0.718,0.279,0.341555555556
Sequence,233,R,B,0.118,0.001,0.900,0.099,0.33
Sequence,234,L,B,0.031,0.001,0.959,0.040,0.327111111111
Sequence,235,I,B,0.033,0.001,0.959,0.040,0.302444444444
Sequence,236,T,B,0.053,0.002,0.816,0.182,0.297444444444
Sequence,237,A,B,0.057,0.004,0.420,0.576,0.317111111111
Sequence,238,N,B,0.16,0.018,0.088,0.893,0.324444444444
Sequence,239,P,B,0.096,0.052,0.084,0.864,0.372111111111
Sequence,240,V,B,0.136,0.023,0.655,0.322,0.403111111111
Sequence,241,I,B,0.135,0.018,0.846,0.136,0.460666666667
Sequence,242,T,B,0.241,0.021,0.756,0.223,0.488
Sequence,243,E,E,0.34,0.021,0.451,0.528,0.508888888889
Sequence,244,S,E,0.409,0.019,0.141,0.840,0.536777777778
Sequence,245,T,E,0.532,0.018,0.088,0.893,0.555333333333
Sequence,246,E,E,0.68,0.005,0.015,0.979,0.545444444444
Sequence,247,N,E,0.641,0.005,0.015,0.979,0.536222222222
Sequence,248,S,E,0.31,0.004,0.197,0.799,0.488666666667
Sequence,249,K,E,0.335,0.002,0.816,0.182,0.454555555556
Sequence,250,M,B,0.061,0.001,0.900,0.099,0.402333333333
Sequence,251,M,B,0.062,0.001,0.959,0.040,0.383
Sequence,252,L,B,0.035,0.001,0.959,0.040,0.353777777778
Sequence,253,E,B,0.072,0.001,0.959,0.040,0.34
Sequence,254,L,B,0.034,0.001,0.900,0.099,0.320666666667
Sequence,255,D,B,0.233,0.004,0.616,0.381,0.335555555556
Sequence,256,P,B,0.086,0.004,0.138,0.858,0.333222222222
Sequence,257,P,B,0.181,0.005,0.015,0.979,0.363666666667
Sequence,258,F,B,0.267,0.018,0.019,0.964,0.371666666667
Sequence,259,G,E,0.261,0.018,0.047,0.935,0.361555555556
Sequence,260,D,E,0.296,0.004,0.085,0.910,0.339333333333
Sequence,261,S,B,0.095,0.004,0.514,0.481,0.328333333333
Sequence,262,Y,B,0.101,0.001,0.900,0.099,0.317333333333
Sequence,263,I,B,0.024,0.001,0.959,0.040,0.318111111111
Sequence,264,V,B,0.067,0.001,0.959,0.040,0.328888888889
Sequence,265,I,B,0.027,0.001,0.959,0.040,0.359111111111
Sequence,266,G,B,0.044,0.003,0.718,0.279,0.376333333333
Sequence,267,V,B,0.228,0.004,0.420,0.576,0.405444444444
Sequence,268,G,B,0.23,0.004,0.197,0.799,0.443222222222
Sequence,269,D,E,0.56,0.018,0.047,0.935,0.474222222222
Sequence,270,K,E,0.564,0.018,0.047,0.935,0.503666666667
Sequence,271,K,E,0.48,0.021,0.279,0.699,0.528
Sequence,272,I,B,0.118,0.023,0.655,0.322,0.535222222222
Sequence,273,T,E,0.528,0.021,0.756,0.223,0.475888888889
Sequence,274,H,B,0.282,0.021,0.756,0.223,0.412222222222
Sequence,275,H,E,0.465,0.022,0.552,0.426,0.344777777778
Sequence,276,W,E,0.487,0.003,0.003,0.994,0.273666666667
